3 7 4 28 1 2 46933
3 17 6 46 1 3 46933
3 2 4 14 1 3 46933
3 5 3 21 1 3 46933
4 8 5 34 1 3 63888
4 6 6 24 1 0 63888
4 5 1 8 1 0 63888
4 7 5 35 1 3 63888
4 2 1 6 1 0 63888
5 9 7 36 2 3 13538
5 3 2 12 2 0 13538
5 10 3 32 2 3 13538
5 5 5 19 2 3 13538
5 9 9 41 2 3 13538
5 1 2 13 1 3 12055
5 10 5 36 1 2 12055
5 4 4 23 1 3 12055
7 8 5 29 2 3 23784
7 3 2 7 2 3 23784
7 8 4 23 2 2 23784
7 2 1 5 2 3 3096
7 6 7 27 2 2 3096
5 5 4 27 1 3 52714
5 14 5 49 1 3 2642
7 17 4 49 2 3 1771
7 10 4 29 2 0 1771
7 19 8 49 2 3 1771
5 16 8 61 2 3 4366
5 12 5 39 2 3 4366
4 2 0 8 1 3 16629
5 7 4 24 1 3 19049
5 4 3 19 1 0 19049
7 5 4 17 1 3 4042
7 6 2 19 1 0 4042
7 13 7 38 1 3 4042
7 17 5 50 1 3 4042
7 6 5 25 1 0 4042
4 3 1 8 1 3 224802
4 3 1 10 1 3 224802
4 6 1 13 1 3 224802
3 6 3 21 1 0 3456
3 10 6 36 1 3 3456
9 8 7 36 4 3 2407
9 11 4 31 4 3 2407
9 10 6 35 4 3 2407
9 4 4 18 4 3 2407
5 25 13 95 1 3 3421
11 4 4 29 3 3 2785
4 9 3 28 1 3 0
4 10 9 36 1 0 0
4 10 11 58 1 3 0
4 6 5 29 1 3 0
4 6 4 26 1 3 0
4 9 8 33 1 3 1129
7 1 2 5 2 3 755
7 20 4 54 2 3 755
7 16 8 54 2 3 755
7 6 6 31 2 3 755
5 5 5 20 1 3 28127
7 5 4 19 2 2 20815
5 6 1 18 1 2 642
5 1 2 7 1 0 642
6 1 1 6 2 3 5560
8 5 7 32 2 0 17751
6 11 6 38 1 3 2211
6 7 5 25 1 3 2211
4 2 1 7 1 0 7183
8 11 8 35 3 2 145
6 20 2 40 2 3 0
6 10 4 24 2 3 0
6 5 5 20 2 3 0
6 9 4 31 2 2 0
9 3 2 17 4 2 7713
8 16 18 90 3 0 0
8 8 9 35 2 3 4247
5 5 1 14 2 3 0
8 10 2 35 2 3 13858
4 4 5 17 1 3 4138
7 6 3 18 1 3 9561
12 3 1 7 3 3 243
12 2 1 13 3 3 243
12 10 4 29 3 3 243
12 2 2 8 3 2 243
12 3 1 4 3 3 243
7 5 5 18 2 3 773
7 6 3 20 2 3 773
4 10 4 27 1 3 37762
5 4 3 19 1 3 56202
4 7 6 35 1 3 0
10 4 1 15 2 3 388
9 11 5 40 2 2 207
9 4 2 19 2 3 207
9 3 1 12 2 3 207
7 65 34 247 1 3 110339
9 4 2 14 3 3 52
8 40 26 158 3 2 1322
8 6 6 32 3 3 1322
8 16 3 46 3 3 1322
8 12 5 34 3 3 1322
8 4 3 15 3 0 172
3 7 2 16 1 0 14116
4 10 2 27 1 2 471
9 7 1 21 2 3 41
7 7 3 23 2 3 2292
12 12 4 49 4 3 1653
8 3 3 14 2 3 20
5 7 4 25 2 3 0
8 11 8 35 2 2 203
5 9 6 33 2 3 0
5 2 1 5 2 3 0
5 10 2 25 2 3 0
11 4 4 21 3 0 99
8 4 3 18 2 3 534
4 4 0 9 1 3 1798
9 4 7 22 4 3 216
9 13 3 31 4 3 216
5 4 3 12 2 0 0
5 8 3 21 2 3 0
5 3 2 10 2 3 0
5 11 5 27 2 3 0
4 11 4 40 1 3 0
5 6 3 15 2 3 0
5 5 1 14 2 3 0
7 1037 472 3104 2 3 0
10 5 3 16 4 3 31
10 5 1 7 4 2 31
10 3 2 10 4 3 31
10 6 1 12 4 2 31
10 11 4 28 4 3 31
13 10 4 36 5 0 165
10 4 1 6 3 3 62
10 12 4 30 3 3 62
12 10 6 25 4 0 202
12 7 3 16 4 2 202
12 5 1 15 4 3 29
12 15 6 47 4 2 29
7 10 2 24 3 3 98
7 16 4 35 3 3 98
7 9 5 26 3 3 98
7 10 1 24 3 3 98
9 12 5 30 3 3 21
4 12 5 33 1 3 1837
3 7 2 16 1 3 0
3 6 0 9 1 3 0
8 7 4 30 3 3 143
10 9 4 32 3 2 183
7 9 4 24 2 3 50
7 4 3 11 2 3 50
7 8 5 30 2 3 50
7 11 4 26 2 3 50
7 3 4 16 2 3 50
9 11 8 36 3 0 12
12 15 3 36 3 3 70
2 6 1 13 1 0 0
2 7 1 11 1 3 0
11 12 4 34 4 3 62
9 16 8 55 3 3 243
3 3 2 10 1 0 0
3 9 2 19 1 3 0
10 4 2 17 4 0 12
10 10 4 24 4 3 12
10 14 5 50 4 3 12
10 11 6 39 4 2 12
10 9 4 27 4 3 12
8 8 6 26 3 3 57
8 9 3 26 3 3 57
8 9 2 17 2 3 9
12 4 2 13 5 3 0
3 3 4 15 1 3 46933
5 16 8 62 2 3 0
5 18 11 72 2 3 0
6 23 9 64 2 2 4796
6 8 3 31 2 2 4796
6 3 1 5 2 3 4796
5 9 3 29 1 3 52714
5 12 4 33 1 3 52714
5 4 9 28 1 3 52714
8 19 1 37 2 3 5036
7 6 3 20 3 2 5780
8 6 5 28 3 2 42015
8 4 12 35 3 3 42015
10 9 5 27 3 3 5892
5 6 3 19 1 0 26548
4 3 0 7 1 3 107665
6 18 8 65 2 3 66566
6 15 2 35 2 3 66566
6 7 5 32 2 3 66566
6 8 0 15 2 3 66566
6 5 0 7 2 3 0
5 7 3 28 1 0 0
5 16 2 41 1 3 0
8 9 4 25 2 3 5592
9 1 1 6 3 3 8843
5 21 6 64 1 3 0
5 4 4 18 1 3 0
11 9 1 31 3 3 3014
11 23 1 52 3 3 3014
11 9 8 43 3 3 3014
11 25 7 66 3 3 3014
3 7 3 21 1 3 7621
3 28 8 72 1 3 7621
7 5 2 9 2 2 20815
13 9 1 15 6 0 0
6 4 3 11 2 3 5560
9 3 1 7 3 3 1491
7 7 2 22 2 3 0
6 5 0 16 3 3 0
6 5 4 20 3 3 0
7 9 1 28 2 3 0
7 23 1 52 2 3 0
12 4 5 30 4 3 7896
12 5 0 9 4 0 7896
6 12 6 30 1 3 4760
8 10 5 35 3 2 1813
8 6 2 16 3 2 1813
5 24 5 80 1 3 0
6 6 4 24 2 3 15290
6 10 3 37 2 3 15290
7 10 5 32 2 3 251
7 5 2 14 2 2 251
7 10 12 45 2 3 251
13 8 6 26 5 3 308
13 8 3 27 5 0 308
13 5 4 21 5 0 308
13 27 2 58 5 3 308
13 19 2 56 5 3 308
11 10 2 27 4 0 8343
11 7 3 18 4 0 8343
11 7 3 18 4 3 8343
11 7 1 22 4 3 8343
11 6 4 28 4 3 8343
5 12 0 26 1 3 8992
5 3 2 8 1 3 8992
7 11 4 33 3 3 23258
7 2 2 10 3 2 23258
6 2 5 17 1 3 76444
7 17 0 36 2 3 0
12 10 2 28 3 3 961
11 12 2 33 5 3 8630
11 6 3 24 4 3 291
11 15 8 48 4 3 291
4 12 12 51 1 0 0
6 20 1 42 3 3 0
6 4 0 11 3 3 0
9 7 1 16 2 2 609
9 4 1 9 2 3 1213
7 12 3 40 2 3 0
8 3 2 12 4 3 1511
4 14 6 51 1 3 0
7 1 1 4 3 3 0
13 13 7 50 5 3 315
8 8 4 29 3 3 8649
8 9 1 27 3 3 8649
5 13 3 28 1 3 6176
12 5 1 11 4 3 1286
8 10 5 40 2 2 913
9 9 3 32 2 3 4687
9 5 1 6 2 3 4687
9 12 1 25 2 3 4687
6 7 5 23 3 3 522
6 3 0 3 3 3 522
4 10 4 27 1 3 2391
8 11 3 29 3 3 234
7 6 2 18 2 3 537
5 40 5 80 1 3 247
5 9 4 32 1 3 247
11 10 6 35 5 3 687
9 20 7 68 3 2 289
9 9 9 40 3 2 289
9 9 4 28 3 2 289
7 17 5 53 2 3 0
7 19 2 50 2 3 0
8 7 11 45 3 3 0
8 4 5 20 3 3 0
9 11 3 27 3 3 3412
7 12 2 20 3 3 11287
6 3 0 4 2 3 0
7 1 1 8 3 3 0
7 16 3 36 3 3 0
7 7 1 13 3 3 0
7 14 5 44 3 3 0
7 37 7 76 3 3 0
8 6 1 13 1 3 155
8 14 5 47 1 3 155
5 12 1 25 2 3 0
8 7 2 30 3 3 4778
4 21 5 58 1 3 0
5 9 2 27 2 3 2936
13 15 6 42 5 3 359
13 7 0 15 5 3 359
13 4 2 17 5 3 359
6 4 1 6 3 3 0
6 4 0 5 3 3 0
11 5 4 15 4 0 464
6 10 3 30 3 3 3529
6 10 4 26 3 3 3529
5 22 1 53 2 3 0
5 12 2 29 2 3 0
5 12 3 33 2 3 0
13 17 17 71 5 3 49
13 10 5 26 4 3 122
2 6 1 13 1 3 0
8 6 2 13 4 2 333
8 4 6 22 4 0 333
13 9 3 29 4 3 160
2 12 3 39 1 3 0
2 24 2 58 1 3 0
2 29 6 61 1 3 0
2 27 1 60 1 3 0
4 7 1 14 1 3 281
3 11 3 28 1 3 0
