0.00000000000000000000
0.10294117647058825815
0.10937500000000000000
0.16071428571428569843
0.00000000000000000000
0.02500000000000002220
0.08928571428571430157
0.14062500000000000000
0.19444444444444441977
0.04999999999999998890
0.11538461538461536326
0.13235294117647056211
0.14062500000000000000
0.25000000000000000000
0.07500000000000001110
0.15277777777777779011
0.22368421052631576318
0.07500000000000001110
0.12500000000000000000
0.23214285714285715079
0.07500000000000001110
0.25000000000000000000
0.23611111111111110494
0.09999999999999997780
0.10294117647058825815
0.18333333333333334814
0.25000000000000000000
0.11111111111111110494
0.28125000000000000000
0.11538461538461536326
0.12500000000000000000
0.22499999999999997780
0.12500000000000000000
0.25000000000000000000
0.25000000000000000000
0.26562500000000000000
0.31250000000000000000
0.12500000000000000000
0.15277777777777779011
0.31578947368421050879
0.13333333333333335924
0.25000000000000000000
0.14285714285714284921
0.21666666666666667407
0.25000000000000000000
0.31250000000000000000
0.17499999999999998890
0.16071428571428569843
0.16666666666666668517
0.21052631578947367252
0.21428571428571430157
0.29347826086956518843
0.30263157894736847364
0.17647058823529410132
0.17647058823529410132
0.19444444444444441977
0.21052631578947367252
0.23437500000000000000
0.17857142857142854764
0.31666666666666665186
0.18421052631578949121
0.35526315789473683626
0.19117647058823528106
0.19444444444444441977
0.19736842105263158187
0.32142857142857139685
0.20000000000000001110
0.20000000000000001110
0.20000000000000001110
0.25000000000000000000
0.26785714285714290472
0.36111111111111116045
0.20312500000000000000
0.20833333333333331483
0.21250000000000002220
0.21428571428571430157
0.21666666666666667407
0.21875000000000000000
0.22058823529411764053
0.22368421052631576318
0.23333333333333333703
0.25000000000000000000
0.26470588235294112422
0.34090909090909093937
0.22499999999999997780
0.25000000000000000000
0.23076923076923078204
0.23437500000000000000
0.25000000000000000000
0.23437500000000000000
0.23749999999999998890
0.25000000000000000000
0.31250000000000000000
0.26136363636363635354
0.26388888888888883955
0.30263157894736847364
0.31818181818181823228
0.46428571428571430157
0.48333333333333328152
0.28333333333333332593
0.29166666666666662966
0.30882352941176471894
0.32608695652173913526
0.36111111111111116045
0.37500000000000000000
0.37500000000000000000
0.38235294117647056211
0.38888888888888883955
0.39705882352941179736
0.50000000000000000000
0.56250000000000000000
0.40000000000000002220
0.40625000000000000000
0.41666666666666662966
0.43055555555555558023
0.57812500000000000000
0.43478260869565221736
0.48437500000000000000
0.53333333333333332593
0.44117647058823528106
0.44444444444444441977
0.48529411764705887578
0.52941176470588235947
0.35714285714285709528
0.35937500000000000000
0.44999999999999995559
0.51136363636363635354
0.55000000000000004441
0.61666666666666669627
0.36363636363636364646
0.37500000000000000000
0.40000000000000002220
0.38157894736842101757
0.60714285714285709528
0.38333333333333330373
0.51666666666666671848
0.39130434782608691791
0.48529411764705887578
0.52631578947368418131
0.62500000000000000000
0.39705882352941179736
0.40000000000000002220
0.40000000000000002220
0.51249999999999995559
0.42187500000000000000
0.47499999999999997780
0.48437500000000000000
0.51315789473684214617
0.52631578947368418131
0.61764705882352943789
0.73611111111111116045
0.50000000000000000000
0.50000000000000000000
0.50000000000000000000
0.61764705882352943789
0.53571428571428569843
0.56250000000000000000
0.58333333333333337034
0.64285714285714290472
0.65476190476190476719
0.66666666666666662966
0.72222222222222220989
0.73333333333333328152
0.87500000000000000000
0.66666666666666662966
0.72222222222222220989
0.75000000000000000000
0.77499999999999991118
0.22058823529411764053
0.04999999999999998890
0.17857142857142854764
0.06666666666666665186
0.11538461538461536326
0.19444444444444441977
0.09999999999999997780
0.23333333333333333703
0.30000000000000004441
0.23529411764705882026
0.13235294117647056211
0.13333333333333335924
0.18055555555555558023
0.13888888888888889506
0.13888888888888889506
0.14705882352941174185
0.15000000000000002220
0.18055555555555558023
0.19117647058823528106
0.23437500000000000000
0.15625000000000000000
0.15789473684210525439
0.27777777777777779011
0.16071428571428569843
0.27631578947368418131
0.17105263157894734505
0.21250000000000002220
0.17647058823529410132
0.20588235294117646079
0.25000000000000000000
0.25000000000000000000
0.17857142857142854764
0.25000000000000000000
0.18055555555555558023
0.19117647058823528106
0.22222222222222220989
0.19642857142857145236
0.20000000000000001110
0.20312500000000000000
0.23076923076923078204
0.20312500000000000000
0.32142857142857139685
0.20312500000000000000
0.31250000000000000000
0.32812500000000000000
0.20833333333333331483
0.25000000000000000000
0.21052631578947367252
0.21428571428571430157
0.21666666666666667407
0.21666666666666667407
0.22058823529411764053
0.30555555555555558023
0.21875000000000000000
0.25000000000000000000
0.33333333333333337034
0.40625000000000000000
0.41666666666666662966
0.21875000000000000000
0.25000000000000000000
0.25000000000000000000
0.26666666666666671848
0.26785714285714290472
0.21875000000000000000
0.25000000000000000000
0.22222222222222220989
0.28846153846153843592
0.22222222222222220989
0.22222222222222220989
0.22499999999999997780
0.23214285714285715079
0.23333333333333333703
0.32142857142857139685
0.23437500000000000000
0.23611111111111110494
0.25000000000000000000
0.29411764705882348370
0.25000000000000000000
0.25000000000000000000
0.25000000000000000000
0.25000000000000000000
0.25000000000000000000
0.26470588235294112422
0.26470588235294112422
0.26666666666666671848
0.26470588235294112422
0.26562500000000000000
0.26666666666666671848
0.27500000000000002220
0.37500000000000000000
0.37500000000000000000
0.27941176470588235947
0.28333333333333332593
0.28333333333333332593
0.29411764705882348370
0.29687500000000000000
0.29687500000000000000
0.48333333333333328152
0.30000000000000004441
0.30000000000000004441
0.33333333333333337034
0.43333333333333334814
0.30000000000000004441
0.38461538461538458122
0.30555555555555558023
0.33333333333333337034
0.31578947368421050879
0.31578947368421050879
0.31666666666666665186
0.31944444444444441977
0.36764705882352943789
0.44117647058823528106
0.44999999999999995559
0.44999999999999995559
0.31944444444444441977
0.34999999999999997780
0.32894736842105265495
0.33750000000000002220
0.34523809523809523281
0.34722222222222220989
0.34722222222222220989
0.35294117647058820264
0.44999999999999995559
0.34999999999999997780
0.45312500000000000000
0.35937500000000000000
0.36666666666666669627
0.42647058823529415683
0.39285714285714290472
0.40384615384615385469
0.44999999999999995559
0.41666666666666662966
0.41666666666666662966
0.42647058823529415683
0.45312500000000000000
0.50000000000000000000
0.46052631578947367252
0.47222222222222220989
0.48214285714285709528
0.50000000000000000000
0.60526315789473683626
0.48214285714285709528
0.57142857142857139685
